78414
90058
94276
19077
52631
67984
47037
99292
54267
96598
77596
21670
33336
3010
72234
50055
50455
11601
72661
48408
14374
67993
8253
92879
48349
44605
15947
70445
35459
17580
32738
12355
78280
11958
78637
40898
2002
57836
92984
86142
40182
89939
23355
87966
50652
51045
17681
63906
93318
9668
95239
60305
93289
91163
24271
95743
27545
40724
77876
3511
47075
29519
11816
57547
61491
99685
29881
20501
45174
22842
28291
32200
15034
87096
2879
4632
59730
23886
4728
30115
43766
84581
16958
82202
6471
32410
30804
14768
40655
36892
20196
76894
65383
42820
6034
6225
28210
83820
58765
44881
80679
7822
51618
88430
28940
3002
66891
43241
87645
7475
90533
24156
41196
40934
49471
35143
31235
12392
84654
64088
57061
79756
50141
87222
78258
25021
25922
60202
8713
84702
21004
299
12552
14300
89400
86533
27790
90796
7651
25957
77026
24582
7834
15107
49933
26110
46445
41452
3137
67291
81666
11338
99613
96405
47781
29971
91081
21488
70845
88299
66780
7280
99866
98263
43965
27287
89355
64127
69414
94018
2540
93823
23300
12093
15004
61738
84283
75006
29900
94268
98311
35365
31923
59898
5533
86989
5663
60008
75759
46511
41991
6183
47279
67732
9819
16840
75
59029
83901
63090
15606
77041
1577
34956
89192
57930
60270
59047
59387
65020
73921
46027
61206
82331
57543
55069
19623
21192
46832
30122
16969
76047
97059
12146
2214
15713
81300
31827
30709
96809
88595
88145
60100
26508
60446
14463
1809
4866
40310
18541
98994
31884
58639
75951
3221
69009
16512
90597
23265
38265
46683
36780
32027
23524
97271
94848
26373
57544
68424
61356
56736
85958
70480
20368
30515
31016
53935
93198
30756
44793
42198
68145
50786
26561
50778
90938
97669
74139
45347
69960
46670
50932
35076
92931
6216
15394
45125
62405
93456
73151
37819
36838
98160
2465
35098
7299
9894
82744
32993
17419
32484
85539
77843
69509
7697
36783
85286
40064
94701
26765
47924
20825
67857
38382
47567
40739
67156
71773
18258
47222
12491
17594
11218
85462
45896
22415
67059
7967
34115
57328
11255
46346
4598
20724
85425
51167
89601
29514
73528
62487
18095
91898
68535
15212
93008
72058
95265
9599
21797
64809
90273
10150
35674
67276
58352
20784
82573
33858
89280
65462
88749
48389
29781
50624
12061
6752
72372
15697
61816
59943
63507
63409
94575
34936
60175
53525
23534
52557
98269
77612
70812
67674
33208
7816
41217
34409
43609
99591
61474
31055
24837
83486
34631
62058
67616
83265
37822
75546
78175
89777
13977
19642
59355
76290
17842
72058
71649
10888
6414
75545
54087
80222
95
83172
88729
73746
61956
7909
37457
48496
52747
47370
30309
65034
30999
35348
65147
68673
36157
89016
58615
33778
28551
96534
43796
34880
14299
30195
13553
61817
87606
8789
87875
40552
80466
59194
55561
46295
7207
46198
67165
25983
15054
5127
26086
53166
40160
14518
40458
16979
46908
94669
24416
47080
56904
10511
25283
49725
86895
96760
92131
81661
12233
18323
84822
95967
15544
85682
61996
46860
66862
80077
81344
21479
48940
38714
54762
17566
93254
39045
87665
5516
28802
39308
54142
94568
1343
13690
22699
41677
15378
9758
71067
62855
64331
85607
40835
26199
45014
63966
20038
99235
4958
85760
70142
87997
77548
49110
49078
63310
37549
69235
50005
18303
35409
4010
23156
81668
41199
42410
40145
65414
67367
21303
70332
22411
87968
41125
44430
65123
30639
2899
68410
3026
86425
66082
17500
46389
58095
33553
27950
63411
99544
86743
76793
19969
12078
91516
59655
85170
61118
23187
79287
57241
49490
36120
74731
58813
60492
23554
75036
97752
46728
91141
7885
80907
60612
67272
7164
88578
38940
79326
22165
50047
5709
22370
85953
87686
33628
38676
35004
96101
43503
12170
94627
3741
67448
21557
95852
83793
81746
88082
34384
20746
86052
77993
63843
30884
28931
24037
60773
37945
45525
49040
57104
96872
8335
71242
95953
77538
79359
32263
77364
3920
26694
53955
31609
69284
77085
45410
78307
34331
19192
56647
12558
8268
6696
14033
57504
99568
16443
54669
31576
74094
60958
97340
50659
39873
83490
55395
28718
81608
3548
62409
21526
25482
96487
92144
78715
78979
11684
97843
24787
96016
63329
66392
65114
37587
41528
83953
33319
29635
13102
35413
95643
12884
55612
60855
51826
27678
15850
88192
65595
70444
37591
99533
83908
75300
76086
64679
82287
42254
274
44891
83649
39330
75505
29206
46873
91091
97655
31903
66110
44658
35298
39313
66000
54624
76754
32403
10849
39347
59403
18869
41597
58948
38579
92553
69988
29651
96567
85500
60856
48216
78506
31472
69777
14471
80621
89495
38542
32511
5929
46318
73415
38927
57049
74451
2366
34693
1669
22917
39091
82549
81257
97143
7158
41282
6005
19504
76088
84812
4141
76386
65850
19894
88657
46788
82567
95570
48439
54671
95422
6732
7603
86322
91239
43024
94200
1138
78406
76920
69049
40321
67757
28406
15913
34297
99244
65563
43008
30517
39940
5346
78750
36077
5338
5659
75978
44909
8135
99799
88980
45872
72587
70413
56441
2206
51233
56008
58276
64831
13774
82093
24817
25307
30931
90252
4525
17040
41602
61218
34809
43214
34670
19368
20270
92274
68859
80477
21338
22077
33108
37643
3816
88721
6747
7832
78110
30183
43291
55243
14272
93552
92601
35576
78929
53126
61929
57290
91802
1486
56253
89772
38979
77613
13432
36564
49823
58212
27873
66093
21156
34729
11827
88992
82263
2275
41873
26590
75846
13922
77687
74733
8111
7256
32299
51948
58367
74040
48563
6756
9780
27210
40608
62765
27491
27112
44647
27642
46006
72120
88240
46594
19981
43429
59592
10412
71717
64508
24081
44214
77046
34945
47098
40962
12503
46412
22473
20510
40284
87076
1716
83566
51935
93173
33807
70520
22365
89105
83423
64908
90551
39361
20205
1006
74008
24550
66615
84577
94775
77872
44064
32594
28018
53465
57352
79134
78938
43359
46838
20513
79470
88925
31889
62236
83232
39270
1518
41570
1332
11549
868
34975
21862
93939
89467
65862
67242
48125
88963
19125
85775
74898
48769
71559
76829
70654
58052
11510
89854
43686
58902
20906
15961
17785
24590
92643
42393
4206
44546
29279
44268
50112
29465
8
77863
44451
14815
63869
74951
3329
9265
251
26962
91190
98744
45832
6204
90660
72755
73309
82342
92404
6061
53581
97088
8810
38158
42518
