8
75
95
251
274
299
868
1006
1138
1332
1343
1486
1518
1577
1669
1716
1809
2002
2206
2214
2275
2366
2465
2540
2879
2899
3002
3010
3026
3137
3221
3329
3511
3548
3741
3816
3920
4010
4141
4206
4525
4598
4632
4728
4866
4958
5127
5338
5346
5516
5533
5659
5663
5709
5929
6005
6034
6061
6183
6204
6216
6225
6414
6471
6696
6732
6747
6752
6756
7158
7164
7207
7256
7280
7299
7475
7603
7651
7697
7816
7822
7832
7834
7885
7909
7967
8111
8135
8253
8268
8335
8713
8789
8810
9265
9599
9668
9758
9780
9819
9894
10150
10412
10511
10849
10888
11218
11255
11338
11510
11549
11601
11684
11816
11827
11958
12061
12078
12093
12146
12170
12233
12355
12392
12491
12503
12552
12558
12884
13102
13432
13553
13690
13774
13922
13977
14033
14272
14299
14300
14374
14463
14471
14518
14768
14815
15004
15034
15054
15107
15212
15378
15394
15544
15606
15697
15713
15850
15913
15947
15961
16443
16512
16840
16958
16969
16979
17040
17419
17500
17566
17580
17594
17681
17785
17842
18095
18258
18303
18323
18541
18869
19077
19125
19192
19368
19504
19623
19642
19894
19969
19981
20038
20196
20205
20270
20368
20501
20510
20513
20724
20746
20784
20825
20906
21004
21156
21192
21303
21338
21479
21488
21526
21557
21670
21797
21862
22077
22165
22365
22370
22411
22415
22473
22699
22842
22917
23156
23187
23265
23300
23355
23524
23534
23554
23886
24037
24081
24156
24271
24416
24550
24582
24590
24787
24817
24837
25021
25283
25307
25482
25922
25957
25983
26086
26110
26199
26373
26508
26561
26590
26694
26765
26962
27112
27210
27287
27491
27545
27642
27678
27790
27873
27950
28018
28210
28291
28406
28551
28718
28802
28931
28940
29206
29279
29465
29514
29519
29635
29651
29781
29881
29900
29971
30115
30122
30183
30195
30309
30515
30517
30639
30709
30756
30804
30884
30931
30999
31016
31055
31235
31472
31576
31609
31827
31884
31889
31903
31923
32027
32200
32263
32299
32403
32410
32484
32511
32594
32738
32993
33108
33208
33319
33336
33553
33628
33778
33807
33858
34115
34297
34331
34384
34409
34631
34670
34693
34729
34809
34880
34936
34945
34956
34975
35004
35076
35098
35143
35298
35348
35365
35409
35413
35459
35576
35674
36077
36120
36157
36564
36780
36783
36838
36892
37457
37549
37587
37591
37643
37819
37822
37945
38158
38265
38382
38542
38579
38676
38714
38927
38940
38979
39045
39091
39270
39308
39313
39330
39347
39361
39873
39940
40064
40145
40160
40182
40284
40310
40321
40458
40552
40608
40655
40724
40739
40835
40898
40934
40962
41125
41196
41199
41217
41282
41452
41528
41570
41597
41602
41677
41873
41991
42198
42254
42393
42410
42518
42820
43008
43024
43214
43241
43291
43359
43429
43503
43609
43686
43766
43796
43965
44064
44214
44268
44430
44451
44546
44605
44647
44658
44793
44881
44891
44909
45014
45125
45174
45347
45410
45525
45832
45872
45896
46006
46027
46198
46295
46318
46346
46389
46412
46445
46511
46594
46670
46683
46728
46788
46832
46838
46860
46873
46908
47037
47075
47080
47098
47222
47279
47370
47567
47781
47924
48125
48216
48349
48389
48408
48439
48496
48563
48769
48940
49040
49078
49110
49471
49490
49725
49823
49933
50005
50047
50055
50112
50141
50455
50624
50652
50659
50778
50786
50932
51045
51167
51233
51618
51826
51935
51948
52557
52631
52747
53126
53166
53465
53525
53581
53935
53955
54087
54142
54267
54624
54669
54671
54762
55069
55243
55395
55561
55612
56008
56253
56441
56647
56736
56904
57049
57061
57104
57241
57290
57328
57352
57504
57543
57544
57547
57836
57930
58052
58095
58212
58276
58352
58367
58615
58639
58765
58813
58902
58948
59029
59047
59194
59355
59387
59403
59592
59655
59730
59898
59943
60008
60100
60175
60202
60270
60305
60446
60492
60612
60773
60855
60856
60958
61118
61206
61218
61356
61474
61491
61738
61816
61817
61929
61956
61996
62058
62236
62405
62409
62487
62765
62855
63090
63310
63329
63409
63411
63507
63843
63869
63906
63966
64088
64127
64331
64508
64679
64809
64831
64908
65020
65034
65114
65123
65147
65383
65414
65462
65563
65595
65850
65862
66000
66082
66093
66110
66392
66615
66780
66862
66891
67059
67156
67165
67242
67272
67276
67291
67367
67448
67616
67674
67732
67757
67857
67984
67993
68145
68410
68424
68535
68673
68859
69009
69049
69235
69284
69414
69509
69777
69960
69988
70142
70332
70413
70444
70445
70480
70520
70654
70812
70845
71067
71242
71559
71649
71717
71773
72058
72058
72120
72234
72372
72587
72661
72755
73151
73309
73415
73528
73746
73921
74008
74040
74094
74139
74451
74731
74733
74898
74951
75006
75036
75300
75505
75545
75546
75759
75846
75951
75978
76047
76086
76088
76290
76386
76754
76793
76829
76894
76920
77026
77041
77046
77085
77364
77538
77548
77596
77612
77613
77687
77843
77863
77872
77876
77993
78110
78175
78258
78280
78307
78406
78414
78506
78637
78715
78750
78929
78938
78979
79134
79287
79326
79359
79470
79756
80077
80222
80466
80477
80621
80679
80907
81257
81300
81344
81608
81661
81666
81668
81746
82093
82202
82263
82287
82331
82342
82549
82567
82573
82744
83172
83232
83265
83423
83486
83490
83566
83649
83793
83820
83901
83908
83953
84283
84577
84581
84654
84702
84812
84822
85170
85286
85425
85462
85500
85539
85607
85682
85760
85775
85953
85958
86052
86142
86322
86425
86533
86743
86895
86989
87076
87096
87222
87606
87645
87665
87686
87875
87966
87968
87997
88082
88145
88192
88240
88299
88430
88578
88595
88657
88721
88729
88749
88925
88963
88980
88992
89016
89105
89192
89280
89355
89400
89467
89495
89601
89772
89777
89854
89939
90058
90252
90273
90533
90551
90597
90660
90796
90938
91081
91091
91141
91163
91190
91239
91516
91802
91898
92131
92144
92274
92404
92553
92601
92643
92879
92931
92984
93008
93173
93198
93254
93289
93318
93456
93552
93823
93939
94018
94200
94268
94276
94568
94575
94627
94669
94701
94775
94848
95239
95265
95422
95570
95643
95743
95852
95953
95967
96016
96101
96405
96487
96534
96567
96598
96760
96809
96872
97059
97088
97143
97271
97340
97655
97669
97752
97843
98160
98263
98269
98311
98744
98994
99235
99244
99292
99533
99544
99568
99591
99613
99685
99799
99866
