7912
4193
37841
64617
45358
26021
25918
33820
88382
15294
51563
76386
59687
45232
1442
84351
17129
72494
30340
37483
91812
92456
33957
47078
3659
39313
26005
73689
13143
68011
55098
42635
63833
47473
22009
84604
391
8225
15251
82114
92440
57541
3596
37949
58090
21501
98919
50201
90752
17130
13069
95840
82282
96409
24460
83129
63420
50954
44860
27137
14784
72508
1885
31876
37160
68534
47516
90648
91579
76501
61332
91063
40593
81517
31793
20631
17818
49118
1264
23719
11480
10197
25187
65992
41069
85211
49200
34789
80206
14942
88505
81841
88311
89818
70934
31772
36217
15780
37822
8305
9134
74867
60613
36687
81901
15339
90239
40130
91801
32551
82563
26110
65332
16643
19019
97239
35537
56803
35767
3007
53510
98307
40209
81917
31360
29883
24427
88966
50129
78735
24836
79675
25636
97233
6538
73727
55505
35123
14266
69011
61804
38573
64483
36208
64792
13031
64200
77889
29657
16324
1028
15226
2503
42059
49383
64952
30814
8402
25919
99799
80531
78602
88626
55946
29473
63682
66887
13786
960
98104
77541
43678
29367
3
89171
99636
50089
73110
11039
29913
24971
57137
42746
37227
47317
54378
90112
74200
95351
34836
50581
23554
37187
56937
30827
38737
74184
50809
94305
60725
98751
36687
83717
42711
10942
67132
20537
74363
78121
18627
89299
88725
24841
32224
18943
29476
27893
28086
37728
49519
83212
18995
2291
72219
51909
49538
19796
91942
11326
14157
59002
50787
50096
11212
1757
49458
66468
95822
10712
89115
607
11811
18825
75303
2200
4933
3990
77244
12906
77057
43625
86067
16100
99685
93852
31159
40030
9383
16624
67772
10311
93615
30999
33625
70585
58242
97458
87875
66734
12205
96788
21832
91500
35114
88293
86149
57883
22802
50690
3588
64504
69887
64610
91862
70050
91932
32180
72649
63825
33036
42084
70598
23398
82004
71964
25353
39454
84998
26887
38846
43232
83243
26257
58261
65526
6956
11210
59233
78680
36156
43561
52338
74883
78726
19405
25677
36073
88974
99327
85861
25250
32327
89843
35001
41441
58385
72813
84266
48225
68108
11553
17174
45982
96605
65555
54262
31520
70268
50044
55888
57041
27192
25390
3002
25968
25351
1583
84748
76030
99182
9537
81472
95222
27722
98850
74313
43834
33592
49967
91277
84872
87815
88067
76225
47371
30040
84477
41760
84046
86223
84896
20582
24971
47353
49589
10383
37282
44313
70603
92935
11781
39633
7422
78126
57744
72521
86452
76074
53686
95103
58436
7753
51926
50156
94258
73233
88556
46415
92885
58534
64420
29688
1242
56632
65930
79667
36641
72357
20573
57774
46437
65746
62402
28137
9466
83650
35860
94969
75278
53520
23673
45881
94385
48751
89295
89871
42353
47804
6469
94614
53278
38012
76359
59052
87629
96151
42802
49626
9176
87761
40869
34715
35138
48769
63736
68395
6777
21648
34342
91310
64500
9391
25222
79035
63579
19189
94552
81411
79557
42836
17850
87041
76476
37367
20090
20479
85150
2298
67398
55362
96541
64454
96863
31028
90694
29192
68716
48076
7391
71084
84331
34876
9320
4827
35682
59031
39300
1902
15220
97981
4882
54990
51183
48388
27763
43850
50274
93828
81456
14804
73451
79071
16116
62777
95150
10188
73236
71674
31906
48255
41712
299
82694
1526
32273
26120
61521
91554
89938
21199
5831
76784
36891
78526
37543
91955
85320
52138
50497
40304
91144
80633
94661
23398
27905
56476
74615
46712
27185
78253
54686
98488
56560
64961
69819
14897
22609
71017
94103
83569
24967
91019
24278
65009
23236
95032
63815
34531
88989
54506
31581
71639
93257
58748
78936
74346
80328
32806
26556
10187
8576
19763
85732
25003
23299
449
18479
87873
34797
16532
50552
39191
45193
60599
58339
57556
82866
72880
84819
36935
57687
34719
46457
57485
91640
10003
78760
38207
11053
37129
97667
48443
77606
78721
94711
48300
83629
76287
42885
53049
75112
75483
63543
64008
45978
90022
7860
31853
73673
79866
83343
34067
84570
56508
30746
88933
83352
30320
90328
10681
42804
95065
19567
18585
76838
10892
70460
70096
44050
48783
20705
36590
56518
65364
7130
23448
73792
90572
82637
5231
27404
70986
36255
25211
48010
74005
23427
25523
97102
16168
52461
14348
65025
79146
92261
15292
7333
1958
76023
93321
89750
53702
35271
6611
37868
65937
20546
58651
19389
29566
3120
93167
75423
7635
14054
17363
82091
4063
15096
2157
7037
40624
47115
21164
77816
81937
74024
50742
6791
10180
75340
2541
14462
86456
28860
81310
49630
5511
35350
19910
62423
99983
35075
69952
25384
35595
51913
32591
83042
85933
59965
35845
83850
79962
39541
43310
38077
53794
27100
93436
27503
4154
53278
39055
87980
34904
94403
11616
54879
56074
35129
45035
89169
54580
28937
83063
12392
74308
37804
15588
89649
35539
48151
90479
6777
16251
89233
72580
16981
14383
18885
78785
94305
2908
21779
36419
86821
99674
78272
72656
45876
20622
82062
38944
94382
51968
71111
68072
66502
85075
55763
23492
17853
56294
25353
59681
74541
6823
49569
77444
63426
10607
78920
62234
18946
43805
37581
5373
13486
19923
86904
97024
8608
11111
10650
43448
3444
38247
45632
66311
40227
85133
46241
48613
67435
58970
21879
56717
80970
13393
87306
26625
75049
97331
45959
58619
41622
21971
22416
42706
31689
17430
71790
67813
57512
89673
57473
79335
64166
87774
54936
97799
66854
34980
21595
88826
66525
54465
96357
24391
73205
49007
92656
21295
24270
50065
68969
42296
43392
70097
92898
87636
19131
80727
3846
67922
5455
14919
5287
11361
93479
14072
51
47612
64304
26317
80421
38295
57400
75762
88792
99173
54450
33684
58262
57571
81206
65852
32783
47972
22244
13546
62053
38617
21769
16619
6020
7357
83770
33271
46799
16346
8253
88937
40021
11292
84264
75932
46211
20208
99969
18046
6547
13529
5796
595
65122
8303
2307
96105
70399
3379
40039
31252
66911
17652
76565
92677
58925
41399
1324
95499
62782
27015
43691
15334
57923
37337
90512
34660
53913
94554
85722
9915
66842
70743
68944
45538
4694
73545
66810
69548
67228
91579
63917
6369
98545
42201
82917
63482
68484
46647
35402
98169
89048
77051
25045
92131
89760
57672
35340
6075
9866
6024
67497
22877
55826
86868
46105
94227
24311
32067
99040
76023
68330
79694
13177
21094
78306
48380
13627
36893
35533
89807
77976
19475
77633
91081
94207
16275
